R0: permutation(r0,r1,r2,r3) = 0,0,0,0
Awesome vvvvv
H_Conflict = 0, X_Conflict = 4
r0 = [0, 0], [1, 1], [2, 2], [3, 3], [4, 0]
r1 = [2, 3], [3, 0], [4, 1], [0, 1], [1, 2]
r2 = [1, 3], [2, 0], [3, 1], [4, 2], [0, 2]
r3 = [3, 2], [4, 3], [0, 3], [1, 0], [2, 1]
[2, 2, 2, 2]
[3, 3, 3, 3]
[1, 1, 1, 1]
[4, 4, 4, 4]
Awesome vvvvv
H_Conflict = 0, X_Conflict = 4
r0 = [0, 0], [1, 1], [2, 2], [3, 3], [4, 0]
r1 = [2, 3], [3, 0], [4, 1], [0, 1], [1, 2]
r2 = [4, 2], [0, 2], [1, 3], [2, 0], [3, 1]
r3 = [1, 0], [2, 1], [3, 2], [4, 3], [0, 3]
[3, 3, 3, 3]
[4, 4, 4, 4]
[0, 0, 0, 0]
[1, 1, 1, 1]
Awesome vvvvv
H_Conflict = 0, X_Conflict = 4
r0 = [0, 0], [1, 1], [2, 2], [3, 3], [4, 0]
r1 = [2, 3], [3, 0], [4, 1], [0, 1], [1, 2]
r2 = [4, 2], [0, 2], [1, 3], [2, 0], [3, 1]
r3 = [3, 2], [4, 3], [0, 3], [1, 0], [2, 1]
[4, 4, 4, 4]
[3, 3, 3, 3]
[0, 0, 0, 0]
[2, 2, 2, 2]
Awesome vvvvv
H_Conflict = 0, X_Conflict = 4
r0 = [0, 0], [1, 1], [2, 2], [3, 3], [4, 0]
r1 = [4, 1], [0, 1], [1, 2], [2, 3], [3, 0]
r2 = [1, 3], [2, 0], [3, 1], [4, 2], [0, 2]
r3 = [3, 2], [4, 3], [0, 3], [1, 0], [2, 1]
[2, 2, 2, 2]
[0, 0, 0, 0]
[4, 4, 4, 4]
[1, 1, 1, 1]
R0: permutation(r0,r1,r2,r3) = 1,119,119,119
R0: permutation(r0,r1,r2,r3) = 2,119,119,119
R0: permutation(r0,r1,r2,r3) = 3,119,119,119
Awesome vvvvv
H_Conflict = 0, X_Conflict = 4
r0 = [1, 1], [2, 2], [3, 3], [0, 0], [4, 0]
r1 = [3, 0], [0, 1], [4, 1], [1, 2], [2, 3]
r2 = [2, 0], [3, 1], [0, 2], [4, 2], [1, 3]
r3 = [0, 3], [4, 3], [1, 0], [2, 1], [3, 2]
[2, 2, 2, 2]
[3, 3, 3, 3]
[1, 1, 1, 1]
[4, 4, 4, 4]
Awesome vvvvv
H_Conflict = 0, X_Conflict = 4
r0 = [1, 1], [2, 2], [3, 3], [0, 0], [4, 0]
r1 = [3, 0], [0, 1], [4, 1], [1, 2], [2, 3]
r2 = [4, 2], [1, 3], [2, 0], [3, 1], [0, 2]
r3 = [2, 1], [3, 2], [0, 3], [4, 3], [1, 0]
[3, 3, 3, 3]
[4, 4, 4, 4]
[0, 0, 0, 0]
[1, 1, 1, 1]
Awesome vvvvv
H_Conflict = 0, X_Conflict = 4
r0 = [1, 1], [2, 2], [3, 3], [0, 0], [4, 0]
r1 = [3, 0], [0, 1], [4, 1], [1, 2], [2, 3]
r2 = [4, 2], [1, 3], [2, 0], [3, 1], [0, 2]
r3 = [0, 3], [4, 3], [1, 0], [2, 1], [3, 2]
[4, 4, 4, 4]
[3, 3, 3, 3]
[0, 0, 0, 0]
[2, 2, 2, 2]
Awesome vvvvv
H_Conflict = 0, X_Conflict = 4
r0 = [1, 1], [2, 2], [3, 3], [0, 0], [4, 0]
r1 = [4, 1], [1, 2], [2, 3], [3, 0], [0, 1]
r2 = [2, 0], [3, 1], [0, 2], [4, 2], [1, 3]
r3 = [0, 3], [4, 3], [1, 0], [2, 1], [3, 2]
[2, 2, 2, 2]
[0, 0, 0, 0]
[4, 4, 4, 4]
[1, 1, 1, 1]
R0: permutation(r0,r1,r2,r3) = 4,119,119,119
Awesome vvvvv
H_Conflict = 0, X_Conflict = 4
r0 = [1, 1], [2, 2], [3, 3], [4, 0], [0, 0]
r1 = [0, 1], [1, 2], [2, 3], [3, 0], [4, 1]
r2 = [2, 0], [3, 1], [4, 2], [0, 2], [1, 3]
r3 = [4, 3], [0, 3], [1, 0], [2, 1], [3, 2]
[2, 2, 2, 2]
[0, 0, 0, 0]
[4, 4, 4, 4]
[1, 1, 1, 1]
Awesome vvvvv
H_Conflict = 0, X_Conflict = 4
r0 = [1, 1], [2, 2], [3, 3], [4, 0], [0, 0]
r1 = [3, 0], [4, 1], [0, 1], [1, 2], [2, 3]
r2 = [0, 2], [1, 3], [2, 0], [3, 1], [4, 2]
r3 = [2, 1], [3, 2], [4, 3], [0, 3], [1, 0]
[3, 3, 3, 3]
[4, 4, 4, 4]
[0, 0, 0, 0]
[1, 1, 1, 1]
Awesome vvvvv
H_Conflict = 0, X_Conflict = 4
r0 = [1, 1], [2, 2], [3, 3], [4, 0], [0, 0]
r1 = [3, 0], [4, 1], [0, 1], [1, 2], [2, 3]
r2 = [0, 2], [1, 3], [2, 0], [3, 1], [4, 2]
r3 = [4, 3], [0, 3], [1, 0], [2, 1], [3, 2]
[4, 4, 4, 4]
[3, 3, 3, 3]
[0, 0, 0, 0]
[2, 2, 2, 2]
Awesome vvvvv
H_Conflict = 0, X_Conflict = 4
r0 = [1, 1], [2, 2], [3, 3], [4, 0], [0, 0]
r1 = [3, 0], [4, 1], [0, 1], [1, 2], [2, 3]
r2 = [2, 0], [3, 1], [4, 2], [0, 2], [1, 3]
r3 = [4, 3], [0, 3], [1, 0], [2, 1], [3, 2]
[2, 2, 2, 2]
[3, 3, 3, 3]
[1, 1, 1, 1]
[4, 4, 4, 4]
R0: permutation(r0,r1,r2,r3) = 5,119,119,119
R0: permutation(r0,r1,r2,r3) = 6,119,119,119
Awesome vvvvv
H_Conflict = 0, X_Conflict = 4
r0 = [2, 2], [0, 0], [1, 1], [3, 3], [4, 0]
r1 = [0, 1], [1, 2], [3, 0], [4, 1], [2, 3]
r2 = [1, 3], [3, 1], [4, 2], [2, 0], [0, 2]
r3 = [3, 2], [4, 3], [2, 1], [0, 3], [1, 0]
[1, 1, 1, 1]
[2, 2, 2, 2]
[3, 3, 3, 3]
[4, 4, 4, 4]
Awesome vvvvv
H_Conflict = 0, X_Conflict = 4
r0 = [2, 2], [0, 0], [1, 1], [3, 3], [4, 0]
r1 = [0, 1], [1, 2], [3, 0], [4, 1], [2, 3]
r2 = [1, 3], [3, 1], [4, 2], [2, 0], [0, 2]
r3 = [4, 3], [2, 1], [0, 3], [1, 0], [3, 2]
[1, 1, 1, 1]
[2, 2, 2, 2]
[4, 4, 4, 4]
[0, 0, 0, 0]
Awesome vvvvv
H_Conflict = 0, X_Conflict = 4
r0 = [2, 2], [0, 0], [1, 1], [3, 3], [4, 0]
r1 = [0, 1], [1, 2], [3, 0], [4, 1], [2, 3]
r2 = [3, 1], [4, 2], [2, 0], [0, 2], [1, 3]
r3 = [4, 3], [2, 1], [0, 3], [1, 0], [3, 2]
[1, 1, 1, 1]
[4, 4, 4, 4]
[3, 3, 3, 3]
[0, 0, 0, 0]
Awesome vvvvv
H_Conflict = 0, X_Conflict = 4
r0 = [2, 2], [0, 0], [1, 1], [3, 3], [4, 0]
r1 = [1, 2], [3, 0], [4, 1], [2, 3], [0, 1]
r2 = [3, 1], [4, 2], [2, 0], [0, 2], [1, 3]
r3 = [4, 3], [2, 1], [0, 3], [1, 0], [3, 2]
[4, 4, 4, 4]
[2, 2, 2, 2]
[3, 3, 3, 3]
[0, 0, 0, 0]
R0: permutation(r0,r1,r2,r3) = 7,119,119,119
R0: permutation(r0,r1,r2,r3) = 8,119,119,119
R0: permutation(r0,r1,r2,r3) = 9,119,119,119
R0: permutation(r0,r1,r2,r3) = 10,119,119,119
R0: permutation(r0,r1,r2,r3) = 11,119,119,119
Awesome vvvvv
H_Conflict = 0, X_Conflict = 4
r0 = [2, 2], [0, 0], [3, 3], [1, 1], [4, 0]
r1 = [1, 2], [4, 1], [2, 3], [0, 1], [3, 0]
r2 = [3, 1], [1, 3], [4, 2], [2, 0], [0, 2]
r3 = [0, 3], [3, 2], [1, 0], [4, 3], [2, 1]
[3, 3, 3, 3]
[4, 4, 4, 4]
[1, 1, 1, 1]
[2, 2, 2, 2]
Awesome vvvvv
H_Conflict = 0, X_Conflict = 4
r0 = [2, 2], [0, 0], [3, 3], [1, 1], [4, 0]
r1 = [4, 1], [2, 3], [0, 1], [3, 0], [1, 2]
r2 = [3, 1], [1, 3], [4, 2], [2, 0], [0, 2]
r3 = [0, 3], [3, 2], [1, 0], [4, 3], [2, 1]
[3, 3, 3, 3]
[0, 0, 0, 0]
[4, 4, 4, 4]
[2, 2, 2, 2]
Awesome vvvvv
H_Conflict = 0, X_Conflict = 4
r0 = [2, 2], [0, 0], [3, 3], [1, 1], [4, 0]
r1 = [4, 1], [2, 3], [0, 1], [3, 0], [1, 2]
r2 = [1, 3], [4, 2], [2, 0], [0, 2], [3, 1]
r3 = [0, 3], [3, 2], [1, 0], [4, 3], [2, 1]
[3, 3, 3, 3]
[0, 0, 0, 0]
[1, 1, 1, 1]
[4, 4, 4, 4]
Awesome vvvvv
H_Conflict = 0, X_Conflict = 4
r0 = [2, 2], [0, 0], [3, 3], [1, 1], [4, 0]
r1 = [4, 1], [2, 3], [0, 1], [3, 0], [1, 2]
r2 = [1, 3], [4, 2], [2, 0], [0, 2], [3, 1]
r3 = [3, 2], [1, 0], [4, 3], [2, 1], [0, 3]
[4, 4, 4, 4]
[0, 0, 0, 0]
[1, 1, 1, 1]
[2, 2, 2, 2]
R0: permutation(r0,r1,r2,r3) = 12,119,119,119
R0: permutation(r0,r1,r2,r3) = 13,119,119,119
R0: permutation(r0,r1,r2,r3) = 14,119,119,119
R0: permutation(r0,r1,r2,r3) = 15,119,119,119
R0: permutation(r0,r1,r2,r3) = 16,119,119,119
R0: permutation(r0,r1,r2,r3) = 17,119,119,119
Awesome vvvvv
H_Conflict = 0, X_Conflict = 4
r0 = [2, 2], [3, 3], [0, 0], [4, 0], [1, 1]
r1 = [1, 2], [2, 3], [3, 0], [0, 1], [4, 1]
r2 = [3, 1], [0, 2], [4, 2], [1, 3], [2, 0]
r3 = [4, 3], [1, 0], [2, 1], [3, 2], [0, 3]
[2, 2, 2, 2]
[0, 0, 0, 0]
[4, 4, 4, 4]
[1, 1, 1, 1]
Awesome vvvvv
H_Conflict = 0, X_Conflict = 4
r0 = [2, 2], [3, 3], [0, 0], [4, 0], [1, 1]
r1 = [0, 1], [4, 1], [1, 2], [2, 3], [3, 0]
r2 = [1, 3], [2, 0], [3, 1], [0, 2], [4, 2]
r3 = [3, 2], [0, 3], [4, 3], [1, 0], [2, 1]
[3, 3, 3, 3]
[4, 4, 4, 4]
[0, 0, 0, 0]
[1, 1, 1, 1]
Awesome vvvvv
H_Conflict = 0, X_Conflict = 4
r0 = [2, 2], [3, 3], [0, 0], [4, 0], [1, 1]
r1 = [0, 1], [4, 1], [1, 2], [2, 3], [3, 0]
r2 = [1, 3], [2, 0], [3, 1], [0, 2], [4, 2]
r3 = [4, 3], [1, 0], [2, 1], [3, 2], [0, 3]
[4, 4, 4, 4]
[3, 3, 3, 3]
[0, 0, 0, 0]
[2, 2, 2, 2]
Awesome vvvvv
H_Conflict = 0, X_Conflict = 4
r0 = [2, 2], [3, 3], [0, 0], [4, 0], [1, 1]
r1 = [0, 1], [4, 1], [1, 2], [2, 3], [3, 0]
r2 = [3, 1], [0, 2], [4, 2], [1, 3], [2, 0]
r3 = [4, 3], [1, 0], [2, 1], [3, 2], [0, 3]
[2, 2, 2, 2]
[3, 3, 3, 3]
[1, 1, 1, 1]
[4, 4, 4, 4]
R0: permutation(r0,r1,r2,r3) = 18,119,119,119
Awesome vvvvv
H_Conflict = 0, X_Conflict = 4
r0 = [2, 2], [3, 3], [4, 0], [0, 0], [1, 1]
r1 = [1, 2], [2, 3], [3, 0], [4, 1], [0, 1]
r2 = [3, 1], [4, 2], [0, 2], [1, 3], [2, 0]
r3 = [0, 3], [1, 0], [2, 1], [3, 2], [4, 3]
[2, 2, 2, 2]
[0, 0, 0, 0]
[4, 4, 4, 4]
[1, 1, 1, 1]
Awesome vvvvv
H_Conflict = 0, X_Conflict = 4
r0 = [2, 2], [3, 3], [4, 0], [0, 0], [1, 1]
r1 = [4, 1], [0, 1], [1, 2], [2, 3], [3, 0]
r2 = [1, 3], [2, 0], [3, 1], [4, 2], [0, 2]
r3 = [0, 3], [1, 0], [2, 1], [3, 2], [4, 3]
[4, 4, 4, 4]
[3, 3, 3, 3]
[0, 0, 0, 0]
[2, 2, 2, 2]
Awesome vvvvv
H_Conflict = 0, X_Conflict = 4
r0 = [2, 2], [3, 3], [4, 0], [0, 0], [1, 1]
r1 = [4, 1], [0, 1], [1, 2], [2, 3], [3, 0]
r2 = [1, 3], [2, 0], [3, 1], [4, 2], [0, 2]
r3 = [3, 2], [4, 3], [0, 3], [1, 0], [2, 1]
[3, 3, 3, 3]
[4, 4, 4, 4]
[0, 0, 0, 0]
[1, 1, 1, 1]
Awesome vvvvv
H_Conflict = 0, X_Conflict = 4
r0 = [2, 2], [3, 3], [4, 0], [0, 0], [1, 1]
r1 = [4, 1], [0, 1], [1, 2], [2, 3], [3, 0]
r2 = [3, 1], [4, 2], [0, 2], [1, 3], [2, 0]
r3 = [0, 3], [1, 0], [2, 1], [3, 2], [4, 3]
[2, 2, 2, 2]
[3, 3, 3, 3]
[1, 1, 1, 1]
[4, 4, 4, 4]
R0: permutation(r0,r1,r2,r3) = 19,119,119,119
R0: permutation(r0,r1,r2,r3) = 20,119,119,119
R0: permutation(r0,r1,r2,r3) = 21,119,119,119
R0: permutation(r0,r1,r2,r3) = 22,119,119,119
Awesome vvvvv
H_Conflict = 0, X_Conflict = 4
r0 = [1, 1], [3, 3], [0, 0], [2, 2], [4, 0]
r1 = [3, 0], [0, 1], [2, 3], [4, 1], [1, 2]
r2 = [0, 2], [2, 0], [4, 2], [1, 3], [3, 1]
r3 = [2, 1], [4, 3], [1, 0], [3, 2], [0, 3]
[1, 1, 1, 1]
[2, 2, 2, 2]
[3, 3, 3, 3]
[4, 4, 4, 4]
Awesome vvvvv
H_Conflict = 0, X_Conflict = 4
r0 = [1, 1], [3, 3], [0, 0], [2, 2], [4, 0]
r1 = [3, 0], [0, 1], [2, 3], [4, 1], [1, 2]
r2 = [0, 2], [2, 0], [4, 2], [1, 3], [3, 1]
r3 = [4, 3], [1, 0], [3, 2], [0, 3], [2, 1]
[1, 1, 1, 1]
[2, 2, 2, 2]
[4, 4, 4, 4]
[0, 0, 0, 0]
Awesome vvvvv
H_Conflict = 0, X_Conflict = 4
r0 = [1, 1], [3, 3], [0, 0], [2, 2], [4, 0]
r1 = [3, 0], [0, 1], [2, 3], [4, 1], [1, 2]
r2 = [2, 0], [4, 2], [1, 3], [3, 1], [0, 2]
r3 = [4, 3], [1, 0], [3, 2], [0, 3], [2, 1]
[1, 1, 1, 1]
[4, 4, 4, 4]
[3, 3, 3, 3]
[0, 0, 0, 0]
Awesome vvvvv
H_Conflict = 0, X_Conflict = 4
r0 = [1, 1], [3, 3], [0, 0], [2, 2], [4, 0]
r1 = [0, 1], [2, 3], [4, 1], [1, 2], [3, 0]
r2 = [2, 0], [4, 2], [1, 3], [3, 1], [0, 2]
r3 = [4, 3], [1, 0], [3, 2], [0, 3], [2, 1]
[4, 4, 4, 4]
[2, 2, 2, 2]
[3, 3, 3, 3]
[0, 0, 0, 0]
R0: permutation(r0,r1,r2,r3) = 23,119,119,119
R0: permutation(r0,r1,r2,r3) = 24,119,119,119
R0: permutation(r0,r1,r2,r3) = 25,119,119,119
R0: permutation(r0,r1,r2,r3) = 26,119,119,119
R0: permutation(r0,r1,r2,r3) = 27,119,119,119
Awesome vvvvv
H_Conflict = 0, X_Conflict = 4
r0 = [3, 3], [1, 1], [0, 0], [2, 2], [4, 0]
r1 = [2, 3], [4, 1], [3, 0], [1, 2], [0, 1]
r2 = [0, 2], [2, 0], [4, 2], [3, 1], [1, 3]
r3 = [1, 0], [0, 3], [2, 1], [4, 3], [3, 2]
[3, 3, 3, 3]
[4, 4, 4, 4]
[1, 1, 1, 1]
[2, 2, 2, 2]
Awesome vvvvv
H_Conflict = 0, X_Conflict = 4
r0 = [3, 3], [1, 1], [0, 0], [2, 2], [4, 0]
r1 = [4, 1], [3, 0], [1, 2], [0, 1], [2, 3]
r2 = [0, 2], [2, 0], [4, 2], [3, 1], [1, 3]
r3 = [1, 0], [0, 3], [2, 1], [4, 3], [3, 2]
[3, 3, 3, 3]
[0, 0, 0, 0]
[4, 4, 4, 4]
[2, 2, 2, 2]
Awesome vvvvv
H_Conflict = 0, X_Conflict = 4
r0 = [3, 3], [1, 1], [0, 0], [2, 2], [4, 0]
r1 = [4, 1], [3, 0], [1, 2], [0, 1], [2, 3]
r2 = [2, 0], [4, 2], [3, 1], [1, 3], [0, 2]
r3 = [1, 0], [0, 3], [2, 1], [4, 3], [3, 2]
[3, 3, 3, 3]
[0, 0, 0, 0]
[1, 1, 1, 1]
[4, 4, 4, 4]
Awesome vvvvv
H_Conflict = 0, X_Conflict = 4
r0 = [3, 3], [1, 1], [0, 0], [2, 2], [4, 0]
r1 = [4, 1], [3, 0], [1, 2], [0, 1], [2, 3]
r2 = [2, 0], [4, 2], [3, 1], [1, 3], [0, 2]
r3 = [0, 3], [2, 1], [4, 3], [3, 2], [1, 0]
[4, 4, 4, 4]
[0, 0, 0, 0]
[1, 1, 1, 1]
[2, 2, 2, 2]
R0: permutation(r0,r1,r2,r3) = 28,119,119,119
R0: permutation(r0,r1,r2,r3) = 29,119,119,119
R0: permutation(r0,r1,r2,r3) = 30,119,119,119
Awesome vvvvv
H_Conflict = 0, X_Conflict = 4
r0 = [0, 0], [3, 3], [2, 2], [1, 1], [4, 0]
r1 = [3, 0], [2, 3], [1, 2], [4, 1], [0, 1]
r2 = [4, 2], [0, 2], [3, 1], [2, 0], [1, 3]
r3 = [2, 1], [1, 0], [4, 3], [0, 3], [3, 2]
[1, 1, 1, 1]
[3, 3, 3, 3]
[0, 0, 0, 0]
[4, 4, 4, 4]
Awesome vvvvv
H_Conflict = 0, X_Conflict = 4
r0 = [0, 0], [3, 3], [2, 2], [1, 1], [4, 0]
r1 = [1, 2], [4, 1], [0, 1], [3, 0], [2, 3]
r2 = [3, 1], [2, 0], [1, 3], [4, 2], [0, 2]
r3 = [2, 1], [1, 0], [4, 3], [0, 3], [3, 2]
[2, 2, 2, 2]
[4, 4, 4, 4]
[3, 3, 3, 3]
[1, 1, 1, 1]
Awesome vvvvv
H_Conflict = 0, X_Conflict = 4
r0 = [0, 0], [3, 3], [2, 2], [1, 1], [4, 0]
r1 = [1, 2], [4, 1], [0, 1], [3, 0], [2, 3]
r2 = [3, 1], [2, 0], [1, 3], [4, 2], [0, 2]
r3 = [4, 3], [0, 3], [3, 2], [2, 1], [1, 0]
[2, 2, 2, 2]
[3, 3, 3, 3]
[4, 4, 4, 4]
[0, 0, 0, 0]
Awesome vvvvv
H_Conflict = 0, X_Conflict = 4
r0 = [0, 0], [3, 3], [2, 2], [1, 1], [4, 0]
r1 = [1, 2], [4, 1], [0, 1], [3, 0], [2, 3]
r2 = [4, 2], [0, 2], [3, 1], [2, 0], [1, 3]
r3 = [2, 1], [1, 0], [4, 3], [0, 3], [3, 2]
[4, 4, 4, 4]
[2, 2, 2, 2]
[0, 0, 0, 0]
[1, 1, 1, 1]
R0: permutation(r0,r1,r2,r3) = 31,119,119,119
R0: permutation(r0,r1,r2,r3) = 32,119,119,119
R0: permutation(r0,r1,r2,r3) = 33,119,119,119
Awesome vvvvv
H_Conflict = 0, X_Conflict = 4
r0 = [3, 3], [2, 2], [1, 1], [0, 0], [4, 0]
r1 = [2, 3], [1, 2], [0, 1], [4, 1], [3, 0]
r2 = [4, 2], [3, 1], [2, 0], [1, 3], [0, 2]
r3 = [1, 0], [0, 3], [4, 3], [3, 2], [2, 1]
[1, 1, 1, 1]
[3, 3, 3, 3]
[0, 0, 0, 0]
[4, 4, 4, 4]
Awesome vvvvv
H_Conflict = 0, X_Conflict = 4
r0 = [3, 3], [2, 2], [1, 1], [0, 0], [4, 0]
r1 = [0, 1], [4, 1], [3, 0], [2, 3], [1, 2]
r2 = [2, 0], [1, 3], [0, 2], [4, 2], [3, 1]
r3 = [1, 0], [0, 3], [4, 3], [3, 2], [2, 1]
[2, 2, 2, 2]
[4, 4, 4, 4]
[3, 3, 3, 3]
[1, 1, 1, 1]
Awesome vvvvv
H_Conflict = 0, X_Conflict = 4
r0 = [3, 3], [2, 2], [1, 1], [0, 0], [4, 0]
r1 = [0, 1], [4, 1], [3, 0], [2, 3], [1, 2]
r2 = [2, 0], [1, 3], [0, 2], [4, 2], [3, 1]
r3 = [4, 3], [3, 2], [2, 1], [1, 0], [0, 3]
[2, 2, 2, 2]
[3, 3, 3, 3]
[4, 4, 4, 4]
[0, 0, 0, 0]
Awesome vvvvv
H_Conflict = 0, X_Conflict = 4
r0 = [3, 3], [2, 2], [1, 1], [0, 0], [4, 0]
r1 = [0, 1], [4, 1], [3, 0], [2, 3], [1, 2]
r2 = [4, 2], [3, 1], [2, 0], [1, 3], [0, 2]
r3 = [1, 0], [0, 3], [4, 3], [3, 2], [2, 1]
[4, 4, 4, 4]
[2, 2, 2, 2]
[0, 0, 0, 0]
[1, 1, 1, 1]
R0: permutation(r0,r1,r2,r3) = 34,119,119,119
Awesome vvvvv
H_Conflict = 0, X_Conflict = 4
r0 = [3, 3], [2, 2], [1, 1], [4, 0], [0, 0]
r1 = [2, 3], [1, 2], [4, 1], [0, 1], [3, 0]
r2 = [0, 2], [3, 1], [2, 0], [1, 3], [4, 2]
r3 = [1, 0], [4, 3], [0, 3], [3, 2], [2, 1]
[1, 1, 1, 1]
[3, 3, 3, 3]
[0, 0, 0, 0]
[4, 4, 4, 4]
Awesome vvvvv
H_Conflict = 0, X_Conflict = 4
r0 = [3, 3], [2, 2], [1, 1], [4, 0], [0, 0]
r1 = [4, 1], [0, 1], [3, 0], [2, 3], [1, 2]
r2 = [0, 2], [3, 1], [2, 0], [1, 3], [4, 2]
r3 = [1, 0], [4, 3], [0, 3], [3, 2], [2, 1]
[4, 4, 4, 4]
[2, 2, 2, 2]
[0, 0, 0, 0]
[1, 1, 1, 1]
Awesome vvvvv
H_Conflict = 0, X_Conflict = 4
r0 = [3, 3], [2, 2], [1, 1], [4, 0], [0, 0]
r1 = [4, 1], [0, 1], [3, 0], [2, 3], [1, 2]
r2 = [2, 0], [1, 3], [4, 2], [0, 2], [3, 1]
r3 = [0, 3], [3, 2], [2, 1], [1, 0], [4, 3]
[2, 2, 2, 2]
[3, 3, 3, 3]
[4, 4, 4, 4]
[0, 0, 0, 0]
Awesome vvvvv
H_Conflict = 0, X_Conflict = 4
r0 = [3, 3], [2, 2], [1, 1], [4, 0], [0, 0]
r1 = [4, 1], [0, 1], [3, 0], [2, 3], [1, 2]
r2 = [2, 0], [1, 3], [4, 2], [0, 2], [3, 1]
r3 = [1, 0], [4, 3], [0, 3], [3, 2], [2, 1]
[2, 2, 2, 2]
[4, 4, 4, 4]
[3, 3, 3, 3]
[1, 1, 1, 1]
R0: permutation(r0,r1,r2,r3) = 35,119,119,119
R0: permutation(r0,r1,r2,r3) = 36,119,119,119
Awesome vvvvv
H_Conflict = 0, X_Conflict = 4
r0 = [3, 3], [0, 0], [2, 2], [4, 0], [1, 1]
r1 = [0, 1], [2, 3], [4, 1], [1, 2], [3, 0]
r2 = [2, 0], [4, 2], [1, 3], [3, 1], [0, 2]
r3 = [1, 0], [3, 2], [0, 3], [2, 1], [4, 3]
[1, 1, 1, 1]
[2, 2, 2, 2]
[4, 4, 4, 4]
[0, 0, 0, 0]
Awesome vvvvv
H_Conflict = 0, X_Conflict = 4
r0 = [3, 3], [0, 0], [2, 2], [4, 0], [1, 1]
r1 = [0, 1], [2, 3], [4, 1], [1, 2], [3, 0]
r2 = [2, 0], [4, 2], [1, 3], [3, 1], [0, 2]
r3 = [4, 3], [1, 0], [3, 2], [0, 3], [2, 1]
[1, 1, 1, 1]
[2, 2, 2, 2]
[3, 3, 3, 3]
[4, 4, 4, 4]
Awesome vvvvv
H_Conflict = 0, X_Conflict = 4
r0 = [3, 3], [0, 0], [2, 2], [4, 0], [1, 1]
r1 = [0, 1], [2, 3], [4, 1], [1, 2], [3, 0]
r2 = [4, 2], [1, 3], [3, 1], [0, 2], [2, 0]
r3 = [1, 0], [3, 2], [0, 3], [2, 1], [4, 3]
[1, 1, 1, 1]
[4, 4, 4, 4]
[3, 3, 3, 3]
[0, 0, 0, 0]
Awesome vvvvv
H_Conflict = 0, X_Conflict = 4
r0 = [3, 3], [0, 0], [2, 2], [4, 0], [1, 1]
r1 = [2, 3], [4, 1], [1, 2], [3, 0], [0, 1]
r2 = [4, 2], [1, 3], [3, 1], [0, 2], [2, 0]
r3 = [1, 0], [3, 2], [0, 3], [2, 1], [4, 3]
[4, 4, 4, 4]
[2, 2, 2, 2]
[3, 3, 3, 3]
[0, 0, 0, 0]
R0: permutation(r0,r1,r2,r3) = 37,119,119,119
R0: permutation(r0,r1,r2,r3) = 38,119,119,119
R0: permutation(r0,r1,r2,r3) = 39,119,119,119
R0: permutation(r0,r1,r2,r3) = 40,119,119,119
Awesome vvvvv
H_Conflict = 0, X_Conflict = 4
r0 = [0, 0], [1, 1], [3, 3], [4, 0], [2, 2]
r1 = [1, 2], [3, 0], [4, 1], [2, 3], [0, 1]
r2 = [3, 1], [4, 2], [2, 0], [0, 2], [1, 3]
r3 = [2, 1], [0, 3], [1, 0], [3, 2], [4, 3]
[1, 1, 1, 1]
[2, 2, 2, 2]
[4, 4, 4, 4]
[0, 0, 0, 0]
Awesome vvvvv
H_Conflict = 0, X_Conflict = 4
r0 = [0, 0], [1, 1], [3, 3], [4, 0], [2, 2]
r1 = [1, 2], [3, 0], [4, 1], [2, 3], [0, 1]
r2 = [3, 1], [4, 2], [2, 0], [0, 2], [1, 3]
r3 = [4, 3], [2, 1], [0, 3], [1, 0], [3, 2]
[1, 1, 1, 1]
[2, 2, 2, 2]
[3, 3, 3, 3]
[4, 4, 4, 4]
Awesome vvvvv
H_Conflict = 0, X_Conflict = 4
r0 = [0, 0], [1, 1], [3, 3], [4, 0], [2, 2]
r1 = [1, 2], [3, 0], [4, 1], [2, 3], [0, 1]
r2 = [4, 2], [2, 0], [0, 2], [1, 3], [3, 1]
r3 = [2, 1], [0, 3], [1, 0], [3, 2], [4, 3]
[1, 1, 1, 1]
[4, 4, 4, 4]
[3, 3, 3, 3]
[0, 0, 0, 0]
Awesome vvvvv
H_Conflict = 0, X_Conflict = 4
r0 = [0, 0], [1, 1], [3, 3], [4, 0], [2, 2]
r1 = [3, 0], [4, 1], [2, 3], [0, 1], [1, 2]
r2 = [4, 2], [2, 0], [0, 2], [1, 3], [3, 1]
r3 = [2, 1], [0, 3], [1, 0], [3, 2], [4, 3]
[4, 4, 4, 4]
[2, 2, 2, 2]
[3, 3, 3, 3]
[0, 0, 0, 0]
R0: permutation(r0,r1,r2,r3) = 41,119,119,119
R0: permutation(r0,r1,r2,r3) = 42,119,119,119
R0: permutation(r0,r1,r2,r3) = 43,119,119,119
R0: permutation(r0,r1,r2,r3) = 44,119,119,119
Awesome vvvvv
H_Conflict = 0, X_Conflict = 4
r0 = [1, 1], [3, 3], [4, 0], [2, 2], [0, 0]
r1 = [3, 0], [4, 1], [2, 3], [0, 1], [1, 2]
r2 = [2, 0], [0, 2], [1, 3], [3, 1], [4, 2]
r3 = [0, 3], [1, 0], [3, 2], [4, 3], [2, 1]
[1, 1, 1, 1]
[4, 4, 4, 4]
[3, 3, 3, 3]
[0, 0, 0, 0]
Awesome vvvvv
H_Conflict = 0, X_Conflict = 4
r0 = [1, 1], [3, 3], [4, 0], [2, 2], [0, 0]
r1 = [3, 0], [4, 1], [2, 3], [0, 1], [1, 2]
r2 = [4, 2], [2, 0], [0, 2], [1, 3], [3, 1]
r3 = [2, 1], [0, 3], [1, 0], [3, 2], [4, 3]
[1, 1, 1, 1]
[2, 2, 2, 2]
[3, 3, 3, 3]
[4, 4, 4, 4]
Awesome vvvvv
H_Conflict = 0, X_Conflict = 4
r0 = [1, 1], [3, 3], [4, 0], [2, 2], [0, 0]
r1 = [3, 0], [4, 1], [2, 3], [0, 1], [1, 2]
r2 = [4, 2], [2, 0], [0, 2], [1, 3], [3, 1]
r3 = [0, 3], [1, 0], [3, 2], [4, 3], [2, 1]
[1, 1, 1, 1]
[2, 2, 2, 2]
[4, 4, 4, 4]
[0, 0, 0, 0]
Awesome vvvvv
H_Conflict = 0, X_Conflict = 4
r0 = [1, 1], [3, 3], [4, 0], [2, 2], [0, 0]
r1 = [4, 1], [2, 3], [0, 1], [1, 2], [3, 0]
r2 = [2, 0], [0, 2], [1, 3], [3, 1], [4, 2]
r3 = [0, 3], [1, 0], [3, 2], [4, 3], [2, 1]
[4, 4, 4, 4]
[2, 2, 2, 2]
[3, 3, 3, 3]
[0, 0, 0, 0]
R0: permutation(r0,r1,r2,r3) = 45,119,119,119
Awesome vvvvv
H_Conflict = 0, X_Conflict = 4
r0 = [0, 0], [3, 3], [1, 1], [4, 0], [2, 2]
r1 = [2, 3], [0, 1], [3, 0], [1, 2], [4, 1]
r2 = [1, 3], [4, 2], [2, 0], [0, 2], [3, 1]
r3 = [3, 2], [1, 0], [4, 3], [2, 1], [0, 3]
[3, 3, 3, 3]
[0, 0, 0, 0]
[4, 4, 4, 4]
[2, 2, 2, 2]
Awesome vvvvv
H_Conflict = 0, X_Conflict = 4
r0 = [0, 0], [3, 3], [1, 1], [4, 0], [2, 2]
r1 = [2, 3], [0, 1], [3, 0], [1, 2], [4, 1]
r2 = [4, 2], [2, 0], [0, 2], [3, 1], [1, 3]
r3 = [3, 2], [1, 0], [4, 3], [2, 1], [0, 3]
[3, 3, 3, 3]
[0, 0, 0, 0]
[1, 1, 1, 1]
[4, 4, 4, 4]
Awesome vvvvv
H_Conflict = 0, X_Conflict = 4
r0 = [0, 0], [3, 3], [1, 1], [4, 0], [2, 2]
r1 = [2, 3], [0, 1], [3, 0], [1, 2], [4, 1]
r2 = [4, 2], [2, 0], [0, 2], [3, 1], [1, 3]
r3 = [1, 0], [4, 3], [2, 1], [0, 3], [3, 2]
[4, 4, 4, 4]
[0, 0, 0, 0]
[1, 1, 1, 1]
[2, 2, 2, 2]
Awesome vvvvv
H_Conflict = 0, X_Conflict = 4
r0 = [0, 0], [3, 3], [1, 1], [4, 0], [2, 2]
r1 = [4, 1], [2, 3], [0, 1], [3, 0], [1, 2]
r2 = [1, 3], [4, 2], [2, 0], [0, 2], [3, 1]
r3 = [3, 2], [1, 0], [4, 3], [2, 1], [0, 3]
[3, 3, 3, 3]
[4, 4, 4, 4]
[1, 1, 1, 1]
[2, 2, 2, 2]
R0: permutation(r0,r1,r2,r3) = 46,119,119,119
R0: permutation(r0,r1,r2,r3) = 47,119,119,119
R0: permutation(r0,r1,r2,r3) = 48,119,119,119
R0: permutation(r0,r1,r2,r3) = 49,119,119,119
Awesome vvvvv
H_Conflict = 0, X_Conflict = 4
r0 = [3, 3], [1, 1], [4, 0], [2, 2], [0, 0]
r1 = [2, 3], [0, 1], [3, 0], [1, 2], [4, 1]
r2 = [4, 2], [2, 0], [0, 2], [3, 1], [1, 3]
r3 = [1, 0], [4, 3], [2, 1], [0, 3], [3, 2]
[3, 3, 3, 3]
[4, 4, 4, 4]
[1, 1, 1, 1]
[2, 2, 2, 2]
Awesome vvvvv
H_Conflict = 0, X_Conflict = 4
r0 = [3, 3], [1, 1], [4, 0], [2, 2], [0, 0]
r1 = [0, 1], [3, 0], [1, 2], [4, 1], [2, 3]
r2 = [2, 0], [0, 2], [3, 1], [1, 3], [4, 2]
r3 = [1, 0], [4, 3], [2, 1], [0, 3], [3, 2]
[3, 3, 3, 3]
[0, 0, 0, 0]
[1, 1, 1, 1]
[4, 4, 4, 4]
Awesome vvvvv
H_Conflict = 0, X_Conflict = 4
r0 = [3, 3], [1, 1], [4, 0], [2, 2], [0, 0]
r1 = [0, 1], [3, 0], [1, 2], [4, 1], [2, 3]
r2 = [2, 0], [0, 2], [3, 1], [1, 3], [4, 2]
r3 = [4, 3], [2, 1], [0, 3], [3, 2], [1, 0]
[4, 4, 4, 4]
[0, 0, 0, 0]
[1, 1, 1, 1]
[2, 2, 2, 2]
Awesome vvvvv
H_Conflict = 0, X_Conflict = 4
r0 = [3, 3], [1, 1], [4, 0], [2, 2], [0, 0]
r1 = [0, 1], [3, 0], [1, 2], [4, 1], [2, 3]
r2 = [4, 2], [2, 0], [0, 2], [3, 1], [1, 3]
r3 = [1, 0], [4, 3], [2, 1], [0, 3], [3, 2]
[3, 3, 3, 3]
[0, 0, 0, 0]
[4, 4, 4, 4]
[2, 2, 2, 2]
R0: permutation(r0,r1,r2,r3) = 50,119,119,119
R0: permutation(r0,r1,r2,r3) = 51,119,119,119
Awesome vvvvv
H_Conflict = 0, X_Conflict = 4
r0 = [3, 3], [0, 0], [4, 0], [1, 1], [2, 2]
r1 = [2, 3], [3, 0], [0, 1], [4, 1], [1, 2]
r2 = [0, 2], [4, 2], [1, 3], [2, 0], [3, 1]
r3 = [1, 0], [2, 1], [3, 2], [0, 3], [4, 3]
[2, 2, 2, 2]
[0, 0, 0, 0]
[4, 4, 4, 4]
[1, 1, 1, 1]
Awesome vvvvv
H_Conflict = 0, X_Conflict = 4
r0 = [3, 3], [0, 0], [4, 0], [1, 1], [2, 2]
r1 = [4, 1], [1, 2], [2, 3], [3, 0], [0, 1]
r2 = [2, 0], [3, 1], [0, 2], [4, 2], [1, 3]
r3 = [1, 0], [2, 1], [3, 2], [0, 3], [4, 3]
[4, 4, 4, 4]
[3, 3, 3, 3]
[0, 0, 0, 0]
[2, 2, 2, 2]
Awesome vvvvv
H_Conflict = 0, X_Conflict = 4
r0 = [3, 3], [0, 0], [4, 0], [1, 1], [2, 2]
r1 = [4, 1], [1, 2], [2, 3], [3, 0], [0, 1]
r2 = [2, 0], [3, 1], [0, 2], [4, 2], [1, 3]
r3 = [0, 3], [4, 3], [1, 0], [2, 1], [3, 2]
[3, 3, 3, 3]
[4, 4, 4, 4]
[0, 0, 0, 0]
[1, 1, 1, 1]
Awesome vvvvv
H_Conflict = 0, X_Conflict = 4
r0 = [3, 3], [0, 0], [4, 0], [1, 1], [2, 2]
r1 = [4, 1], [1, 2], [2, 3], [3, 0], [0, 1]
r2 = [0, 2], [4, 2], [1, 3], [2, 0], [3, 1]
r3 = [1, 0], [2, 1], [3, 2], [0, 3], [4, 3]
[2, 2, 2, 2]
[3, 3, 3, 3]
[1, 1, 1, 1]
[4, 4, 4, 4]
R0: permutation(r0,r1,r2,r3) = 52,119,119,119
Awesome vvvvv
H_Conflict = 0, X_Conflict = 4
r0 = [3, 3], [4, 0], [0, 0], [1, 1], [2, 2]
r1 = [0, 1], [1, 2], [2, 3], [3, 0], [4, 1]
r2 = [2, 0], [3, 1], [4, 2], [0, 2], [1, 3]
r3 = [1, 0], [2, 1], [3, 2], [4, 3], [0, 3]
[4, 4, 4, 4]
[3, 3, 3, 3]
[0, 0, 0, 0]
[2, 2, 2, 2]
Awesome vvvvv
H_Conflict = 0, X_Conflict = 4
r0 = [3, 3], [4, 0], [0, 0], [1, 1], [2, 2]
r1 = [0, 1], [1, 2], [2, 3], [3, 0], [4, 1]
r2 = [2, 0], [3, 1], [4, 2], [0, 2], [1, 3]
r3 = [4, 3], [0, 3], [1, 0], [2, 1], [3, 2]
[3, 3, 3, 3]
[4, 4, 4, 4]
[0, 0, 0, 0]
[1, 1, 1, 1]
Awesome vvvvv
H_Conflict = 0, X_Conflict = 4
r0 = [3, 3], [4, 0], [0, 0], [1, 1], [2, 2]
r1 = [0, 1], [1, 2], [2, 3], [3, 0], [4, 1]
r2 = [4, 2], [0, 2], [1, 3], [2, 0], [3, 1]
r3 = [1, 0], [2, 1], [3, 2], [4, 3], [0, 3]
[2, 2, 2, 2]
[3, 3, 3, 3]
[1, 1, 1, 1]
[4, 4, 4, 4]
Awesome vvvvv
H_Conflict = 0, X_Conflict = 4
r0 = [3, 3], [4, 0], [0, 0], [1, 1], [2, 2]
r1 = [2, 3], [3, 0], [4, 1], [0, 1], [1, 2]
r2 = [4, 2], [0, 2], [1, 3], [2, 0], [3, 1]
r3 = [1, 0], [2, 1], [3, 2], [4, 3], [0, 3]
[2, 2, 2, 2]
[0, 0, 0, 0]
[4, 4, 4, 4]
[1, 1, 1, 1]
R0: permutation(r0,r1,r2,r3) = 53,119,119,119
R0: permutation(r0,r1,r2,r3) = 54,119,119,119
R0: permutation(r0,r1,r2,r3) = 55,119,119,119
R0: permutation(r0,r1,r2,r3) = 56,119,119,119
R0: permutation(r0,r1,r2,r3) = 57,119,119,119
R0: permutation(r0,r1,r2,r3) = 58,119,119,119
Awesome vvvvv
H_Conflict = 0, X_Conflict = 4
r0 = [3, 3], [4, 0], [2, 2], [0, 0], [1, 1]
r1 = [2, 3], [0, 1], [1, 2], [3, 0], [4, 1]
r2 = [0, 2], [1, 3], [3, 1], [4, 2], [2, 0]
r3 = [1, 0], [3, 2], [4, 3], [2, 1], [0, 3]
[4, 4, 4, 4]
[2, 2, 2, 2]
[3, 3, 3, 3]
[0, 0, 0, 0]
Awesome vvvvv
H_Conflict = 0, X_Conflict = 4
r0 = [3, 3], [4, 0], [2, 2], [0, 0], [1, 1]
r1 = [4, 1], [2, 3], [0, 1], [1, 2], [3, 0]
r2 = [2, 0], [0, 2], [1, 3], [3, 1], [4, 2]
r3 = [0, 3], [1, 0], [3, 2], [4, 3], [2, 1]
[1, 1, 1, 1]
[2, 2, 2, 2]
[3, 3, 3, 3]
[4, 4, 4, 4]
Awesome vvvvv
H_Conflict = 0, X_Conflict = 4
r0 = [3, 3], [4, 0], [2, 2], [0, 0], [1, 1]
r1 = [4, 1], [2, 3], [0, 1], [1, 2], [3, 0]
r2 = [2, 0], [0, 2], [1, 3], [3, 1], [4, 2]
r3 = [1, 0], [3, 2], [4, 3], [2, 1], [0, 3]
[1, 1, 1, 1]
[2, 2, 2, 2]
[4, 4, 4, 4]
[0, 0, 0, 0]
Awesome vvvvv
H_Conflict = 0, X_Conflict = 4
r0 = [3, 3], [4, 0], [2, 2], [0, 0], [1, 1]
r1 = [4, 1], [2, 3], [0, 1], [1, 2], [3, 0]
r2 = [0, 2], [1, 3], [3, 1], [4, 2], [2, 0]
r3 = [1, 0], [3, 2], [4, 3], [2, 1], [0, 3]
[1, 1, 1, 1]
[4, 4, 4, 4]
[3, 3, 3, 3]
[0, 0, 0, 0]
R0: permutation(r0,r1,r2,r3) = 59,119,119,119
R0: permutation(r0,r1,r2,r3) = 60,119,119,119
R0: permutation(r0,r1,r2,r3) = 61,119,119,119
Awesome vvvvv
H_Conflict = 0, X_Conflict = 4
r0 = [1, 1], [0, 0], [2, 2], [4, 0], [3, 3]
r1 = [3, 0], [1, 2], [0, 1], [2, 3], [4, 1]
r2 = [2, 0], [4, 2], [3, 1], [1, 3], [0, 2]
r3 = [0, 3], [2, 1], [4, 3], [3, 2], [1, 0]
[3, 3, 3, 3]
[0, 0, 0, 0]
[4, 4, 4, 4]
[2, 2, 2, 2]
Awesome vvvvv
H_Conflict = 0, X_Conflict = 4
r0 = [1, 1], [0, 0], [2, 2], [4, 0], [3, 3]
r1 = [3, 0], [1, 2], [0, 1], [2, 3], [4, 1]
r2 = [4, 2], [3, 1], [1, 3], [0, 2], [2, 0]
r3 = [0, 3], [2, 1], [4, 3], [3, 2], [1, 0]
[3, 3, 3, 3]
[0, 0, 0, 0]
[1, 1, 1, 1]
[4, 4, 4, 4]
Awesome vvvvv
H_Conflict = 0, X_Conflict = 4
r0 = [1, 1], [0, 0], [2, 2], [4, 0], [3, 3]
r1 = [3, 0], [1, 2], [0, 1], [2, 3], [4, 1]
r2 = [4, 2], [3, 1], [1, 3], [0, 2], [2, 0]
r3 = [2, 1], [4, 3], [3, 2], [1, 0], [0, 3]
[4, 4, 4, 4]
[0, 0, 0, 0]
[1, 1, 1, 1]
[2, 2, 2, 2]
Awesome vvvvv
H_Conflict = 0, X_Conflict = 4
r0 = [1, 1], [0, 0], [2, 2], [4, 0], [3, 3]
r1 = [4, 1], [3, 0], [1, 2], [0, 1], [2, 3]
r2 = [2, 0], [4, 2], [3, 1], [1, 3], [0, 2]
r3 = [0, 3], [2, 1], [4, 3], [3, 2], [1, 0]
[3, 3, 3, 3]
[4, 4, 4, 4]
[1, 1, 1, 1]
[2, 2, 2, 2]
R0: permutation(r0,r1,r2,r3) = 62,119,119,119
R0: permutation(r0,r1,r2,r3) = 63,119,119,119
R0: permutation(r0,r1,r2,r3) = 64,119,119,119
R0: permutation(r0,r1,r2,r3) = 65,119,119,119
R0: permutation(r0,r1,r2,r3) = 66,119,119,119
R0: permutation(r0,r1,r2,r3) = 67,119,119,119
Awesome vvvvv
H_Conflict = 0, X_Conflict = 4
r0 = [2, 2], [1, 1], [0, 0], [4, 0], [3, 3]
r1 = [1, 2], [0, 1], [4, 1], [3, 0], [2, 3]
r2 = [3, 1], [2, 0], [1, 3], [0, 2], [4, 2]
r3 = [0, 3], [4, 3], [3, 2], [2, 1], [1, 0]
[1, 1, 1, 1]
[3, 3, 3, 3]
[0, 0, 0, 0]
[4, 4, 4, 4]
Awesome vvvvv
H_Conflict = 0, X_Conflict = 4
r0 = [2, 2], [1, 1], [0, 0], [4, 0], [3, 3]
r1 = [4, 1], [3, 0], [2, 3], [1, 2], [0, 1]
r2 = [3, 1], [2, 0], [1, 3], [0, 2], [4, 2]
r3 = [0, 3], [4, 3], [3, 2], [2, 1], [1, 0]
[4, 4, 4, 4]
[2, 2, 2, 2]
[0, 0, 0, 0]
[1, 1, 1, 1]
Awesome vvvvv
H_Conflict = 0, X_Conflict = 4
r0 = [2, 2], [1, 1], [0, 0], [4, 0], [3, 3]
r1 = [4, 1], [3, 0], [2, 3], [1, 2], [0, 1]
r2 = [1, 3], [0, 2], [4, 2], [3, 1], [2, 0]
r3 = [3, 2], [2, 1], [1, 0], [0, 3], [4, 3]
[2, 2, 2, 2]
[3, 3, 3, 3]
[4, 4, 4, 4]
[0, 0, 0, 0]
Awesome vvvvv
H_Conflict = 0, X_Conflict = 4
r0 = [2, 2], [1, 1], [0, 0], [4, 0], [3, 3]
r1 = [4, 1], [3, 0], [2, 3], [1, 2], [0, 1]
r2 = [1, 3], [0, 2], [4, 2], [3, 1], [2, 0]
r3 = [0, 3], [4, 3], [3, 2], [2, 1], [1, 0]
[2, 2, 2, 2]
[4, 4, 4, 4]
[3, 3, 3, 3]
[1, 1, 1, 1]
R0: permutation(r0,r1,r2,r3) = 68,119,119,119
Awesome vvvvv
H_Conflict = 0, X_Conflict = 4
r0 = [2, 2], [1, 1], [4, 0], [0, 0], [3, 3]
r1 = [0, 1], [3, 0], [2, 3], [1, 2], [4, 1]
r2 = [3, 1], [2, 0], [1, 3], [4, 2], [0, 2]
r3 = [4, 3], [0, 3], [3, 2], [2, 1], [1, 0]
[4, 4, 4, 4]
[2, 2, 2, 2]
[0, 0, 0, 0]
[1, 1, 1, 1]
Awesome vvvvv
H_Conflict = 0, X_Conflict = 4
r0 = [2, 2], [1, 1], [4, 0], [0, 0], [3, 3]
r1 = [0, 1], [3, 0], [2, 3], [1, 2], [4, 1]
r2 = [1, 3], [4, 2], [0, 2], [3, 1], [2, 0]
r3 = [3, 2], [2, 1], [1, 0], [4, 3], [0, 3]
[2, 2, 2, 2]
[3, 3, 3, 3]
[4, 4, 4, 4]
[0, 0, 0, 0]
Awesome vvvvv
H_Conflict = 0, X_Conflict = 4
r0 = [2, 2], [1, 1], [4, 0], [0, 0], [3, 3]
r1 = [0, 1], [3, 0], [2, 3], [1, 2], [4, 1]
r2 = [1, 3], [4, 2], [0, 2], [3, 1], [2, 0]
r3 = [4, 3], [0, 3], [3, 2], [2, 1], [1, 0]
[2, 2, 2, 2]
[4, 4, 4, 4]
[3, 3, 3, 3]
[1, 1, 1, 1]
Awesome vvvvv
H_Conflict = 0, X_Conflict = 4
r0 = [2, 2], [1, 1], [4, 0], [0, 0], [3, 3]
r1 = [1, 2], [4, 1], [0, 1], [3, 0], [2, 3]
r2 = [3, 1], [2, 0], [1, 3], [4, 2], [0, 2]
r3 = [4, 3], [0, 3], [3, 2], [2, 1], [1, 0]
[1, 1, 1, 1]
[3, 3, 3, 3]
[0, 0, 0, 0]
[4, 4, 4, 4]
R0: permutation(r0,r1,r2,r3) = 69,119,119,119
R0: permutation(r0,r1,r2,r3) = 70,119,119,119
Awesome vvvvv
H_Conflict = 0, X_Conflict = 4
r0 = [0, 0], [2, 2], [4, 0], [1, 1], [3, 3]
r1 = [2, 3], [4, 1], [1, 2], [3, 0], [0, 1]
r2 = [1, 3], [3, 1], [0, 2], [2, 0], [4, 2]
r3 = [3, 2], [0, 3], [2, 1], [4, 3], [1, 0]
[1, 1, 1, 1]
[4, 4, 4, 4]
[3, 3, 3, 3]
[0, 0, 0, 0]
Awesome vvvvv
H_Conflict = 0, X_Conflict = 4
r0 = [0, 0], [2, 2], [4, 0], [1, 1], [3, 3]
r1 = [2, 3], [4, 1], [1, 2], [3, 0], [0, 1]
r2 = [4, 2], [1, 3], [3, 1], [0, 2], [2, 0]
r3 = [1, 0], [3, 2], [0, 3], [2, 1], [4, 3]
[1, 1, 1, 1]
[2, 2, 2, 2]
[3, 3, 3, 3]
[4, 4, 4, 4]
Awesome vvvvv
H_Conflict = 0, X_Conflict = 4
r0 = [0, 0], [2, 2], [4, 0], [1, 1], [3, 3]
r1 = [2, 3], [4, 1], [1, 2], [3, 0], [0, 1]
r2 = [4, 2], [1, 3], [3, 1], [0, 2], [2, 0]
r3 = [3, 2], [0, 3], [2, 1], [4, 3], [1, 0]
[1, 1, 1, 1]
[2, 2, 2, 2]
[4, 4, 4, 4]
[0, 0, 0, 0]
Awesome vvvvv
H_Conflict = 0, X_Conflict = 4
r0 = [0, 0], [2, 2], [4, 0], [1, 1], [3, 3]
r1 = [4, 1], [1, 2], [3, 0], [0, 1], [2, 3]
r2 = [1, 3], [3, 1], [0, 2], [2, 0], [4, 2]
r3 = [3, 2], [0, 3], [2, 1], [4, 3], [1, 0]
[4, 4, 4, 4]
[2, 2, 2, 2]
[3, 3, 3, 3]
[0, 0, 0, 0]
R0: permutation(r0,r1,r2,r3) = 71,119,119,119
R0: permutation(r0,r1,r2,r3) = 72,119,119,119
R0: permutation(r0,r1,r2,r3) = 73,119,119,119
R0: permutation(r0,r1,r2,r3) = 74,119,119,119
Awesome vvvvv
H_Conflict = 0, X_Conflict = 4
r0 = [2, 2], [4, 0], [1, 1], [3, 3], [0, 0]
r1 = [1, 2], [3, 0], [0, 1], [2, 3], [4, 1]
r2 = [3, 1], [0, 2], [2, 0], [4, 2], [1, 3]
r3 = [0, 3], [2, 1], [4, 3], [1, 0], [3, 2]
[4, 4, 4, 4]
[2, 2, 2, 2]
[3, 3, 3, 3]
[0, 0, 0, 0]
Awesome vvvvv
H_Conflict = 0, X_Conflict = 4
r0 = [2, 2], [4, 0], [1, 1], [3, 3], [0, 0]
r1 = [4, 1], [1, 2], [3, 0], [0, 1], [2, 3]
r2 = [1, 3], [3, 1], [0, 2], [2, 0], [4, 2]
r3 = [3, 2], [0, 3], [2, 1], [4, 3], [1, 0]
[1, 1, 1, 1]
[2, 2, 2, 2]
[3, 3, 3, 3]
[4, 4, 4, 4]
Awesome vvvvv
H_Conflict = 0, X_Conflict = 4
r0 = [2, 2], [4, 0], [1, 1], [3, 3], [0, 0]
r1 = [4, 1], [1, 2], [3, 0], [0, 1], [2, 3]
r2 = [1, 3], [3, 1], [0, 2], [2, 0], [4, 2]
r3 = [0, 3], [2, 1], [4, 3], [1, 0], [3, 2]
[1, 1, 1, 1]
[2, 2, 2, 2]
[4, 4, 4, 4]
[0, 0, 0, 0]
Awesome vvvvv
H_Conflict = 0, X_Conflict = 4
r0 = [2, 2], [4, 0], [1, 1], [3, 3], [0, 0]
r1 = [4, 1], [1, 2], [3, 0], [0, 1], [2, 3]
r2 = [3, 1], [0, 2], [2, 0], [4, 2], [1, 3]
r3 = [0, 3], [2, 1], [4, 3], [1, 0], [3, 2]
[1, 1, 1, 1]
[4, 4, 4, 4]
[3, 3, 3, 3]
[0, 0, 0, 0]
R0: permutation(r0,r1,r2,r3) = 75,119,119,119
Awesome vvvvv
H_Conflict = 0, X_Conflict = 4
r0 = [0, 0], [2, 2], [4, 0], [3, 3], [1, 1]
r1 = [3, 0], [1, 2], [0, 1], [2, 3], [4, 1]
r2 = [4, 2], [3, 1], [1, 3], [0, 2], [2, 0]
r3 = [2, 1], [4, 3], [3, 2], [1, 0], [0, 3]
[3, 3, 3, 3]
[4, 4, 4, 4]
[1, 1, 1, 1]
[2, 2, 2, 2]
Awesome vvvvv
H_Conflict = 0, X_Conflict = 4
r0 = [0, 0], [2, 2], [4, 0], [3, 3], [1, 1]
r1 = [1, 2], [0, 1], [2, 3], [4, 1], [3, 0]
r2 = [3, 1], [1, 3], [0, 2], [2, 0], [4, 2]
r3 = [2, 1], [4, 3], [3, 2], [1, 0], [0, 3]
[3, 3, 3, 3]
[0, 0, 0, 0]
[1, 1, 1, 1]
[4, 4, 4, 4]
Awesome vvvvv
H_Conflict = 0, X_Conflict = 4
r0 = [0, 0], [2, 2], [4, 0], [3, 3], [1, 1]
r1 = [1, 2], [0, 1], [2, 3], [4, 1], [3, 0]
r2 = [3, 1], [1, 3], [0, 2], [2, 0], [4, 2]
r3 = [4, 3], [3, 2], [1, 0], [0, 3], [2, 1]
[4, 4, 4, 4]
[0, 0, 0, 0]
[1, 1, 1, 1]
[2, 2, 2, 2]
Awesome vvvvv
H_Conflict = 0, X_Conflict = 4
r0 = [0, 0], [2, 2], [4, 0], [3, 3], [1, 1]
r1 = [1, 2], [0, 1], [2, 3], [4, 1], [3, 0]
r2 = [4, 2], [3, 1], [1, 3], [0, 2], [2, 0]
r3 = [2, 1], [4, 3], [3, 2], [1, 0], [0, 3]
[3, 3, 3, 3]
[0, 0, 0, 0]
[4, 4, 4, 4]
[2, 2, 2, 2]
R0: permutation(r0,r1,r2,r3) = 76,119,119,119
R0: permutation(r0,r1,r2,r3) = 77,119,119,119
R0: permutation(r0,r1,r2,r3) = 78,119,119,119
R0: permutation(r0,r1,r2,r3) = 79,119,119,119
Awesome vvvvv
H_Conflict = 0, X_Conflict = 4
r0 = [2, 2], [4, 0], [3, 3], [1, 1], [0, 0]
r1 = [1, 2], [0, 1], [2, 3], [4, 1], [3, 0]
r2 = [3, 1], [1, 3], [0, 2], [2, 0], [4, 2]
r3 = [4, 3], [3, 2], [1, 0], [0, 3], [2, 1]
[3, 3, 3, 3]
[4, 4, 4, 4]
[1, 1, 1, 1]
[2, 2, 2, 2]
Awesome vvvvv
H_Conflict = 0, X_Conflict = 4
r0 = [2, 2], [4, 0], [3, 3], [1, 1], [0, 0]
r1 = [0, 1], [2, 3], [4, 1], [3, 0], [1, 2]
r2 = [3, 1], [1, 3], [0, 2], [2, 0], [4, 2]
r3 = [4, 3], [3, 2], [1, 0], [0, 3], [2, 1]
[3, 3, 3, 3]
[0, 0, 0, 0]
[4, 4, 4, 4]
[2, 2, 2, 2]
Awesome vvvvv
H_Conflict = 0, X_Conflict = 4
r0 = [2, 2], [4, 0], [3, 3], [1, 1], [0, 0]
r1 = [0, 1], [2, 3], [4, 1], [3, 0], [1, 2]
r2 = [1, 3], [0, 2], [2, 0], [4, 2], [3, 1]
r3 = [3, 2], [1, 0], [0, 3], [2, 1], [4, 3]
[4, 4, 4, 4]
[0, 0, 0, 0]
[1, 1, 1, 1]
[2, 2, 2, 2]
Awesome vvvvv
H_Conflict = 0, X_Conflict = 4
r0 = [2, 2], [4, 0], [3, 3], [1, 1], [0, 0]
r1 = [0, 1], [2, 3], [4, 1], [3, 0], [1, 2]
r2 = [1, 3], [0, 2], [2, 0], [4, 2], [3, 1]
r3 = [4, 3], [3, 2], [1, 0], [0, 3], [2, 1]
[3, 3, 3, 3]
[0, 0, 0, 0]
[1, 1, 1, 1]
[4, 4, 4, 4]
R0: permutation(r0,r1,r2,r3) = 80,119,119,119
R0: permutation(r0,r1,r2,r3) = 81,119,119,119
R0: permutation(r0,r1,r2,r3) = 82,119,119,119
R0: permutation(r0,r1,r2,r3) = 83,119,119,119
Awesome vvvvv
H_Conflict = 0, X_Conflict = 4
r0 = [1, 1], [4, 0], [2, 2], [0, 0], [3, 3]
r1 = [0, 1], [3, 0], [1, 2], [4, 1], [2, 3]
r2 = [2, 0], [0, 2], [3, 1], [1, 3], [4, 2]
r3 = [4, 3], [2, 1], [0, 3], [3, 2], [1, 0]
[3, 3, 3, 3]
[4, 4, 4, 4]
[1, 1, 1, 1]
[2, 2, 2, 2]
Awesome vvvvv
H_Conflict = 0, X_Conflict = 4
r0 = [1, 1], [4, 0], [2, 2], [0, 0], [3, 3]
r1 = [3, 0], [1, 2], [4, 1], [2, 3], [0, 1]
r2 = [2, 0], [0, 2], [3, 1], [1, 3], [4, 2]
r3 = [4, 3], [2, 1], [0, 3], [3, 2], [1, 0]
[3, 3, 3, 3]
[0, 0, 0, 0]
[4, 4, 4, 4]
[2, 2, 2, 2]
Awesome vvvvv
H_Conflict = 0, X_Conflict = 4
r0 = [1, 1], [4, 0], [2, 2], [0, 0], [3, 3]
r1 = [3, 0], [1, 2], [4, 1], [2, 3], [0, 1]
r2 = [0, 2], [3, 1], [1, 3], [4, 2], [2, 0]
r3 = [2, 1], [0, 3], [3, 2], [1, 0], [4, 3]
[4, 4, 4, 4]
[0, 0, 0, 0]
[1, 1, 1, 1]
[2, 2, 2, 2]
Awesome vvvvv
H_Conflict = 0, X_Conflict = 4
r0 = [1, 1], [4, 0], [2, 2], [0, 0], [3, 3]
r1 = [3, 0], [1, 2], [4, 1], [2, 3], [0, 1]
r2 = [0, 2], [3, 1], [1, 3], [4, 2], [2, 0]
r3 = [4, 3], [2, 1], [0, 3], [3, 2], [1, 0]
[3, 3, 3, 3]
[0, 0, 0, 0]
[1, 1, 1, 1]
[4, 4, 4, 4]
R0: permutation(r0,r1,r2,r3) = 84,119,119,119
R0: permutation(r0,r1,r2,r3) = 85,119,119,119
Awesome vvvvv
H_Conflict = 0, X_Conflict = 4
r0 = [0, 0], [4, 0], [1, 1], [2, 2], [3, 3]
r1 = [1, 2], [2, 3], [3, 0], [0, 1], [4, 1]
r2 = [3, 1], [0, 2], [4, 2], [1, 3], [2, 0]
r3 = [2, 1], [3, 2], [0, 3], [4, 3], [1, 0]
[4, 4, 4, 4]
[3, 3, 3, 3]
[0, 0, 0, 0]
[2, 2, 2, 2]
Awesome vvvvv
H_Conflict = 0, X_Conflict = 4
r0 = [0, 0], [4, 0], [1, 1], [2, 2], [3, 3]
r1 = [1, 2], [2, 3], [3, 0], [0, 1], [4, 1]
r2 = [3, 1], [0, 2], [4, 2], [1, 3], [2, 0]
r3 = [4, 3], [1, 0], [2, 1], [3, 2], [0, 3]
[3, 3, 3, 3]
[4, 4, 4, 4]
[0, 0, 0, 0]
[1, 1, 1, 1]
Awesome vvvvv
H_Conflict = 0, X_Conflict = 4
r0 = [0, 0], [4, 0], [1, 1], [2, 2], [3, 3]
r1 = [1, 2], [2, 3], [3, 0], [0, 1], [4, 1]
r2 = [4, 2], [1, 3], [2, 0], [3, 1], [0, 2]
r3 = [2, 1], [3, 2], [0, 3], [4, 3], [1, 0]
[2, 2, 2, 2]
[3, 3, 3, 3]
[1, 1, 1, 1]
[4, 4, 4, 4]
Awesome vvvvv
H_Conflict = 0, X_Conflict = 4
r0 = [0, 0], [4, 0], [1, 1], [2, 2], [3, 3]
r1 = [3, 0], [0, 1], [4, 1], [1, 2], [2, 3]
r2 = [4, 2], [1, 3], [2, 0], [3, 1], [0, 2]
r3 = [2, 1], [3, 2], [0, 3], [4, 3], [1, 0]
[2, 2, 2, 2]
[0, 0, 0, 0]
[4, 4, 4, 4]
[1, 1, 1, 1]
R0: permutation(r0,r1,r2,r3) = 86,119,119,119
Awesome vvvvv
H_Conflict = 0, X_Conflict = 4
r0 = [4, 0], [0, 0], [1, 1], [2, 2], [3, 3]
r1 = [1, 2], [2, 3], [3, 0], [4, 1], [0, 1]
r2 = [0, 2], [1, 3], [2, 0], [3, 1], [4, 2]
r3 = [2, 1], [3, 2], [4, 3], [0, 3], [1, 0]
[2, 2, 2, 2]
[3, 3, 3, 3]
[1, 1, 1, 1]
[4, 4, 4, 4]
Awesome vvvvv
H_Conflict = 0, X_Conflict = 4
r0 = [4, 0], [0, 0], [1, 1], [2, 2], [3, 3]
r1 = [1, 2], [2, 3], [3, 0], [4, 1], [0, 1]
r2 = [3, 1], [4, 2], [0, 2], [1, 3], [2, 0]
r3 = [0, 3], [1, 0], [2, 1], [3, 2], [4, 3]
[3, 3, 3, 3]
[4, 4, 4, 4]
[0, 0, 0, 0]
[1, 1, 1, 1]
Awesome vvvvv
H_Conflict = 0, X_Conflict = 4
r0 = [4, 0], [0, 0], [1, 1], [2, 2], [3, 3]
r1 = [1, 2], [2, 3], [3, 0], [4, 1], [0, 1]
r2 = [3, 1], [4, 2], [0, 2], [1, 3], [2, 0]
r3 = [2, 1], [3, 2], [4, 3], [0, 3], [1, 0]
[4, 4, 4, 4]
[3, 3, 3, 3]
[0, 0, 0, 0]
[2, 2, 2, 2]
Awesome vvvvv
H_Conflict = 0, X_Conflict = 4
r0 = [4, 0], [0, 0], [1, 1], [2, 2], [3, 3]
r1 = [3, 0], [4, 1], [0, 1], [1, 2], [2, 3]
r2 = [0, 2], [1, 3], [2, 0], [3, 1], [4, 2]
r3 = [2, 1], [3, 2], [4, 3], [0, 3], [1, 0]
[2, 2, 2, 2]
[0, 0, 0, 0]
[4, 4, 4, 4]
[1, 1, 1, 1]
R0: permutation(r0,r1,r2,r3) = 87,119,119,119
R0: permutation(r0,r1,r2,r3) = 88,119,119,119
R0: permutation(r0,r1,r2,r3) = 89,119,119,119
Awesome vvvvv
H_Conflict = 0, X_Conflict = 4
r0 = [4, 0], [1, 1], [2, 2], [3, 3], [0, 0]
r1 = [2, 3], [3, 0], [0, 1], [4, 1], [1, 2]
r2 = [1, 3], [2, 0], [3, 1], [0, 2], [4, 2]
r3 = [3, 2], [0, 3], [4, 3], [1, 0], [2, 1]
[2, 2, 2, 2]
[3, 3, 3, 3]
[1, 1, 1, 1]
[4, 4, 4, 4]
Awesome vvvvv
H_Conflict = 0, X_Conflict = 4
r0 = [4, 0], [1, 1], [2, 2], [3, 3], [0, 0]
r1 = [2, 3], [3, 0], [0, 1], [4, 1], [1, 2]
r2 = [0, 2], [4, 2], [1, 3], [2, 0], [3, 1]
r3 = [1, 0], [2, 1], [3, 2], [0, 3], [4, 3]
[3, 3, 3, 3]
[4, 4, 4, 4]
[0, 0, 0, 0]
[1, 1, 1, 1]
Awesome vvvvv
H_Conflict = 0, X_Conflict = 4
r0 = [4, 0], [1, 1], [2, 2], [3, 3], [0, 0]
r1 = [2, 3], [3, 0], [0, 1], [4, 1], [1, 2]
r2 = [0, 2], [4, 2], [1, 3], [2, 0], [3, 1]
r3 = [3, 2], [0, 3], [4, 3], [1, 0], [2, 1]
[4, 4, 4, 4]
[3, 3, 3, 3]
[0, 0, 0, 0]
[2, 2, 2, 2]
Awesome vvvvv
H_Conflict = 0, X_Conflict = 4
r0 = [4, 0], [1, 1], [2, 2], [3, 3], [0, 0]
r1 = [0, 1], [4, 1], [1, 2], [2, 3], [3, 0]
r2 = [1, 3], [2, 0], [3, 1], [0, 2], [4, 2]
r3 = [3, 2], [0, 3], [4, 3], [1, 0], [2, 1]
[2, 2, 2, 2]
[0, 0, 0, 0]
[4, 4, 4, 4]
[1, 1, 1, 1]
R0: permutation(r0,r1,r2,r3) = 90,119,119,119
R0: permutation(r0,r1,r2,r3) = 91,119,119,119
R0: permutation(r0,r1,r2,r3) = 92,119,119,119
Awesome vvvvv
H_Conflict = 0, X_Conflict = 4
r0 = [4, 0], [2, 2], [0, 0], [1, 1], [3, 3]
r1 = [2, 3], [0, 1], [1, 2], [3, 0], [4, 1]
r2 = [0, 2], [1, 3], [3, 1], [4, 2], [2, 0]
r3 = [1, 0], [3, 2], [4, 3], [2, 1], [0, 3]
[1, 1, 1, 1]
[2, 2, 2, 2]
[3, 3, 3, 3]
[4, 4, 4, 4]
Awesome vvvvv
H_Conflict = 0, X_Conflict = 4
r0 = [4, 0], [2, 2], [0, 0], [1, 1], [3, 3]
r1 = [2, 3], [0, 1], [1, 2], [3, 0], [4, 1]
r2 = [0, 2], [1, 3], [3, 1], [4, 2], [2, 0]
r3 = [3, 2], [4, 3], [2, 1], [0, 3], [1, 0]
[1, 1, 1, 1]
[2, 2, 2, 2]
[4, 4, 4, 4]
[0, 0, 0, 0]
Awesome vvvvv
H_Conflict = 0, X_Conflict = 4
r0 = [4, 0], [2, 2], [0, 0], [1, 1], [3, 3]
r1 = [2, 3], [0, 1], [1, 2], [3, 0], [4, 1]
r2 = [1, 3], [3, 1], [4, 2], [2, 0], [0, 2]
r3 = [3, 2], [4, 3], [2, 1], [0, 3], [1, 0]
[1, 1, 1, 1]
[4, 4, 4, 4]
[3, 3, 3, 3]
[0, 0, 0, 0]
Awesome vvvvv
H_Conflict = 0, X_Conflict = 4
r0 = [4, 0], [2, 2], [0, 0], [1, 1], [3, 3]
r1 = [0, 1], [1, 2], [3, 0], [4, 1], [2, 3]
r2 = [1, 3], [3, 1], [4, 2], [2, 0], [0, 2]
r3 = [3, 2], [4, 3], [2, 1], [0, 3], [1, 0]
[4, 4, 4, 4]
[2, 2, 2, 2]
[3, 3, 3, 3]
[0, 0, 0, 0]
R0: permutation(r0,r1,r2,r3) = 93,119,119,119
R0: permutation(r0,r1,r2,r3) = 94,119,119,119
R0: permutation(r0,r1,r2,r3) = 95,119,119,119
R0: permutation(r0,r1,r2,r3) = 96,119,119,119
R0: permutation(r0,r1,r2,r3) = 97,119,119,119
Awesome vvvvv
H_Conflict = 0, X_Conflict = 4
r0 = [4, 0], [2, 2], [0, 0], [3, 3], [1, 1]
r1 = [3, 0], [1, 2], [4, 1], [2, 3], [0, 1]
r2 = [0, 2], [3, 1], [1, 3], [4, 2], [2, 0]
r3 = [2, 1], [0, 3], [3, 2], [1, 0], [4, 3]
[3, 3, 3, 3]
[4, 4, 4, 4]
[1, 1, 1, 1]
[2, 2, 2, 2]
Awesome vvvvv
H_Conflict = 0, X_Conflict = 4
r0 = [4, 0], [2, 2], [0, 0], [3, 3], [1, 1]
r1 = [1, 2], [4, 1], [2, 3], [0, 1], [3, 0]
r2 = [0, 2], [3, 1], [1, 3], [4, 2], [2, 0]
r3 = [2, 1], [0, 3], [3, 2], [1, 0], [4, 3]
[3, 3, 3, 3]
[0, 0, 0, 0]
[4, 4, 4, 4]
[2, 2, 2, 2]
Awesome vvvvv
H_Conflict = 0, X_Conflict = 4
r0 = [4, 0], [2, 2], [0, 0], [3, 3], [1, 1]
r1 = [1, 2], [4, 1], [2, 3], [0, 1], [3, 0]
r2 = [3, 1], [1, 3], [4, 2], [2, 0], [0, 2]
r3 = [2, 1], [0, 3], [3, 2], [1, 0], [4, 3]
[3, 3, 3, 3]
[0, 0, 0, 0]
[1, 1, 1, 1]
[4, 4, 4, 4]
Awesome vvvvv
H_Conflict = 0, X_Conflict = 4
r0 = [4, 0], [2, 2], [0, 0], [3, 3], [1, 1]
r1 = [1, 2], [4, 1], [2, 3], [0, 1], [3, 0]
r2 = [3, 1], [1, 3], [4, 2], [2, 0], [0, 2]
r3 = [0, 3], [3, 2], [1, 0], [4, 3], [2, 1]
[4, 4, 4, 4]
[0, 0, 0, 0]
[1, 1, 1, 1]
[2, 2, 2, 2]
R0: permutation(r0,r1,r2,r3) = 98,119,119,119
R0: permutation(r0,r1,r2,r3) = 99,119,119,119
R0: permutation(r0,r1,r2,r3) = 100,119,119,119
R0: permutation(r0,r1,r2,r3) = 101,119,119,119
Awesome vvvvv
H_Conflict = 0, X_Conflict = 4
r0 = [1, 1], [0, 0], [4, 0], [3, 3], [2, 2]
r1 = [3, 0], [2, 3], [1, 2], [0, 1], [4, 1]
r2 = [2, 0], [1, 3], [0, 2], [4, 2], [3, 1]
r3 = [4, 3], [3, 2], [2, 1], [1, 0], [0, 3]
[4, 4, 4, 4]
[2, 2, 2, 2]
[0, 0, 0, 0]
[1, 1, 1, 1]
Awesome vvvvv
H_Conflict = 0, X_Conflict = 4
r0 = [1, 1], [0, 0], [4, 0], [3, 3], [2, 2]
r1 = [3, 0], [2, 3], [1, 2], [0, 1], [4, 1]
r2 = [0, 2], [4, 2], [3, 1], [2, 0], [1, 3]
r3 = [2, 1], [1, 0], [0, 3], [4, 3], [3, 2]
[2, 2, 2, 2]
[3, 3, 3, 3]
[4, 4, 4, 4]
[0, 0, 0, 0]
Awesome vvvvv
H_Conflict = 0, X_Conflict = 4
r0 = [1, 1], [0, 0], [4, 0], [3, 3], [2, 2]
r1 = [3, 0], [2, 3], [1, 2], [0, 1], [4, 1]
r2 = [0, 2], [4, 2], [3, 1], [2, 0], [1, 3]
r3 = [4, 3], [3, 2], [2, 1], [1, 0], [0, 3]
[2, 2, 2, 2]
[4, 4, 4, 4]
[3, 3, 3, 3]
[1, 1, 1, 1]
Awesome vvvvv
H_Conflict = 0, X_Conflict = 4
r0 = [1, 1], [0, 0], [4, 0], [3, 3], [2, 2]
r1 = [0, 1], [4, 1], [3, 0], [2, 3], [1, 2]
r2 = [2, 0], [1, 3], [0, 2], [4, 2], [3, 1]
r3 = [4, 3], [3, 2], [2, 1], [1, 0], [0, 3]
[1, 1, 1, 1]
[3, 3, 3, 3]
[0, 0, 0, 0]
[4, 4, 4, 4]
R0: permutation(r0,r1,r2,r3) = 102,119,119,119
Awesome vvvvv
H_Conflict = 0, X_Conflict = 4
r0 = [1, 1], [4, 0], [0, 0], [3, 3], [2, 2]
r1 = [3, 0], [2, 3], [1, 2], [4, 1], [0, 1]
r2 = [2, 0], [1, 3], [4, 2], [0, 2], [3, 1]
r3 = [0, 3], [3, 2], [2, 1], [1, 0], [4, 3]
[4, 4, 4, 4]
[2, 2, 2, 2]
[0, 0, 0, 0]
[1, 1, 1, 1]
Awesome vvvvv
H_Conflict = 0, X_Conflict = 4
r0 = [1, 1], [4, 0], [0, 0], [3, 3], [2, 2]
r1 = [3, 0], [2, 3], [1, 2], [4, 1], [0, 1]
r2 = [4, 2], [0, 2], [3, 1], [2, 0], [1, 3]
r3 = [0, 3], [3, 2], [2, 1], [1, 0], [4, 3]
[2, 2, 2, 2]
[4, 4, 4, 4]
[3, 3, 3, 3]
[1, 1, 1, 1]
Awesome vvvvv
H_Conflict = 0, X_Conflict = 4
r0 = [1, 1], [4, 0], [0, 0], [3, 3], [2, 2]
r1 = [3, 0], [2, 3], [1, 2], [4, 1], [0, 1]
r2 = [4, 2], [0, 2], [3, 1], [2, 0], [1, 3]
r3 = [2, 1], [1, 0], [4, 3], [0, 3], [3, 2]
[2, 2, 2, 2]
[3, 3, 3, 3]
[4, 4, 4, 4]
[0, 0, 0, 0]
Awesome vvvvv
H_Conflict = 0, X_Conflict = 4
r0 = [1, 1], [4, 0], [0, 0], [3, 3], [2, 2]
r1 = [4, 1], [0, 1], [3, 0], [2, 3], [1, 2]
r2 = [2, 0], [1, 3], [4, 2], [0, 2], [3, 1]
r3 = [0, 3], [3, 2], [2, 1], [1, 0], [4, 3]
[1, 1, 1, 1]
[3, 3, 3, 3]
[0, 0, 0, 0]
[4, 4, 4, 4]
R0: permutation(r0,r1,r2,r3) = 103,119,119,119
R0: permutation(r0,r1,r2,r3) = 104,119,119,119
R0: permutation(r0,r1,r2,r3) = 105,119,119,119
R0: permutation(r0,r1,r2,r3) = 106,119,119,119
R0: permutation(r0,r1,r2,r3) = 107,119,119,119
R0: permutation(r0,r1,r2,r3) = 108,119,119,119
Awesome vvvvv
H_Conflict = 0, X_Conflict = 4
r0 = [4, 0], [1, 1], [3, 3], [0, 0], [2, 2]
r1 = [1, 2], [3, 0], [0, 1], [2, 3], [4, 1]
r2 = [3, 1], [0, 2], [2, 0], [4, 2], [1, 3]
r3 = [0, 3], [2, 1], [4, 3], [1, 0], [3, 2]
[1, 1, 1, 1]
[2, 2, 2, 2]
[3, 3, 3, 3]
[4, 4, 4, 4]
Awesome vvvvv
H_Conflict = 0, X_Conflict = 4
r0 = [4, 0], [1, 1], [3, 3], [0, 0], [2, 2]
r1 = [1, 2], [3, 0], [0, 1], [2, 3], [4, 1]
r2 = [3, 1], [0, 2], [2, 0], [4, 2], [1, 3]
r3 = [2, 1], [4, 3], [1, 0], [3, 2], [0, 3]
[1, 1, 1, 1]
[2, 2, 2, 2]
[4, 4, 4, 4]
[0, 0, 0, 0]
Awesome vvvvv
H_Conflict = 0, X_Conflict = 4
r0 = [4, 0], [1, 1], [3, 3], [0, 0], [2, 2]
r1 = [1, 2], [3, 0], [0, 1], [2, 3], [4, 1]
r2 = [0, 2], [2, 0], [4, 2], [1, 3], [3, 1]
r3 = [2, 1], [4, 3], [1, 0], [3, 2], [0, 3]
[1, 1, 1, 1]
[4, 4, 4, 4]
[3, 3, 3, 3]
[0, 0, 0, 0]
Awesome vvvvv
H_Conflict = 0, X_Conflict = 4
r0 = [4, 0], [1, 1], [3, 3], [0, 0], [2, 2]
r1 = [3, 0], [0, 1], [2, 3], [4, 1], [1, 2]
r2 = [0, 2], [2, 0], [4, 2], [1, 3], [3, 1]
r3 = [2, 1], [4, 3], [1, 0], [3, 2], [0, 3]
[4, 4, 4, 4]
[2, 2, 2, 2]
[3, 3, 3, 3]
[0, 0, 0, 0]
R0: permutation(r0,r1,r2,r3) = 109,119,119,119
R0: permutation(r0,r1,r2,r3) = 110,119,119,119
R0: permutation(r0,r1,r2,r3) = 111,119,119,119
R0: permutation(r0,r1,r2,r3) = 112,119,119,119
R0: permutation(r0,r1,r2,r3) = 113,119,119,119
Awesome vvvvv
H_Conflict = 0, X_Conflict = 4
r0 = [4, 0], [3, 3], [1, 1], [0, 0], [2, 2]
r1 = [0, 1], [2, 3], [4, 1], [3, 0], [1, 2]
r2 = [1, 3], [0, 2], [2, 0], [4, 2], [3, 1]
r3 = [3, 2], [1, 0], [0, 3], [2, 1], [4, 3]
[3, 3, 3, 3]
[4, 4, 4, 4]
[1, 1, 1, 1]
[2, 2, 2, 2]
Awesome vvvvv
H_Conflict = 0, X_Conflict = 4
r0 = [4, 0], [3, 3], [1, 1], [0, 0], [2, 2]
r1 = [2, 3], [4, 1], [3, 0], [1, 2], [0, 1]
r2 = [1, 3], [0, 2], [2, 0], [4, 2], [3, 1]
r3 = [3, 2], [1, 0], [0, 3], [2, 1], [4, 3]
[3, 3, 3, 3]
[0, 0, 0, 0]
[4, 4, 4, 4]
[2, 2, 2, 2]
Awesome vvvvv
H_Conflict = 0, X_Conflict = 4
r0 = [4, 0], [3, 3], [1, 1], [0, 0], [2, 2]
r1 = [2, 3], [4, 1], [3, 0], [1, 2], [0, 1]
r2 = [0, 2], [2, 0], [4, 2], [3, 1], [1, 3]
r3 = [3, 2], [1, 0], [0, 3], [2, 1], [4, 3]
[3, 3, 3, 3]
[0, 0, 0, 0]
[1, 1, 1, 1]
[4, 4, 4, 4]
Awesome vvvvv
H_Conflict = 0, X_Conflict = 4
r0 = [4, 0], [3, 3], [1, 1], [0, 0], [2, 2]
r1 = [2, 3], [4, 1], [3, 0], [1, 2], [0, 1]
r2 = [0, 2], [2, 0], [4, 2], [3, 1], [1, 3]
r3 = [1, 0], [0, 3], [2, 1], [4, 3], [3, 2]
[4, 4, 4, 4]
[0, 0, 0, 0]
[1, 1, 1, 1]
[2, 2, 2, 2]
R0: permutation(r0,r1,r2,r3) = 114,119,119,119
R0: permutation(r0,r1,r2,r3) = 115,119,119,119
Awesome vvvvv
H_Conflict = 0, X_Conflict = 4
r0 = [0, 0], [4, 0], [3, 3], [2, 2], [1, 1]
r1 = [2, 3], [1, 2], [0, 1], [4, 1], [3, 0]
r2 = [1, 3], [0, 2], [4, 2], [3, 1], [2, 0]
r3 = [3, 2], [2, 1], [1, 0], [0, 3], [4, 3]
[4, 4, 4, 4]
[2, 2, 2, 2]
[0, 0, 0, 0]
[1, 1, 1, 1]
Awesome vvvvv
H_Conflict = 0, X_Conflict = 4
r0 = [0, 0], [4, 0], [3, 3], [2, 2], [1, 1]
r1 = [2, 3], [1, 2], [0, 1], [4, 1], [3, 0]
r2 = [4, 2], [3, 1], [2, 0], [1, 3], [0, 2]
r3 = [3, 2], [2, 1], [1, 0], [0, 3], [4, 3]
[2, 2, 2, 2]
[4, 4, 4, 4]
[3, 3, 3, 3]
[1, 1, 1, 1]
Awesome vvvvv
H_Conflict = 0, X_Conflict = 4
r0 = [0, 0], [4, 0], [3, 3], [2, 2], [1, 1]
r1 = [2, 3], [1, 2], [0, 1], [4, 1], [3, 0]
r2 = [4, 2], [3, 1], [2, 0], [1, 3], [0, 2]
r3 = [1, 0], [0, 3], [4, 3], [3, 2], [2, 1]
[2, 2, 2, 2]
[3, 3, 3, 3]
[4, 4, 4, 4]
[0, 0, 0, 0]
Awesome vvvvv
H_Conflict = 0, X_Conflict = 4
r0 = [0, 0], [4, 0], [3, 3], [2, 2], [1, 1]
r1 = [4, 1], [3, 0], [2, 3], [1, 2], [0, 1]
r2 = [1, 3], [0, 2], [4, 2], [3, 1], [2, 0]
r3 = [3, 2], [2, 1], [1, 0], [0, 3], [4, 3]
[1, 1, 1, 1]
[3, 3, 3, 3]
[0, 0, 0, 0]
[4, 4, 4, 4]
R0: permutation(r0,r1,r2,r3) = 116,119,119,119
Awesome vvvvv
H_Conflict = 0, X_Conflict = 4
r0 = [4, 0], [0, 0], [3, 3], [2, 2], [1, 1]
r1 = [0, 1], [3, 0], [2, 3], [1, 2], [4, 1]
r2 = [1, 3], [4, 2], [0, 2], [3, 1], [2, 0]
r3 = [3, 2], [2, 1], [1, 0], [4, 3], [0, 3]
[1, 1, 1, 1]
[3, 3, 3, 3]
[0, 0, 0, 0]
[4, 4, 4, 4]
Awesome vvvvv
H_Conflict = 0, X_Conflict = 4
r0 = [4, 0], [0, 0], [3, 3], [2, 2], [1, 1]
r1 = [2, 3], [1, 2], [4, 1], [0, 1], [3, 0]
r2 = [0, 2], [3, 1], [2, 0], [1, 3], [4, 2]
r3 = [3, 2], [2, 1], [1, 0], [4, 3], [0, 3]
[2, 2, 2, 2]
[4, 4, 4, 4]
[3, 3, 3, 3]
[1, 1, 1, 1]
Awesome vvvvv
H_Conflict = 0, X_Conflict = 4
r0 = [4, 0], [0, 0], [3, 3], [2, 2], [1, 1]
r1 = [2, 3], [1, 2], [4, 1], [0, 1], [3, 0]
r2 = [0, 2], [3, 1], [2, 0], [1, 3], [4, 2]
r3 = [1, 0], [4, 3], [0, 3], [3, 2], [2, 1]
[2, 2, 2, 2]
[3, 3, 3, 3]
[4, 4, 4, 4]
[0, 0, 0, 0]
Awesome vvvvv
H_Conflict = 0, X_Conflict = 4
r0 = [4, 0], [0, 0], [3, 3], [2, 2], [1, 1]
r1 = [2, 3], [1, 2], [4, 1], [0, 1], [3, 0]
r2 = [1, 3], [4, 2], [0, 2], [3, 1], [2, 0]
r3 = [3, 2], [2, 1], [1, 0], [4, 3], [0, 3]
[4, 4, 4, 4]
[2, 2, 2, 2]
[0, 0, 0, 0]
[1, 1, 1, 1]
R0: permutation(r0,r1,r2,r3) = 117,119,119,119
R0: permutation(r0,r1,r2,r3) = 118,119,119,119
R0: permutation(r0,r1,r2,r3) = 119,119,119,119
Awesome vvvvv
H_Conflict = 0, X_Conflict = 4
r0 = [4, 0], [3, 3], [2, 2], [1, 1], [0, 0]
r1 = [3, 0], [2, 3], [1, 2], [0, 1], [4, 1]
r2 = [0, 2], [4, 2], [3, 1], [2, 0], [1, 3]
r3 = [2, 1], [1, 0], [0, 3], [4, 3], [3, 2]
[1, 1, 1, 1]
[3, 3, 3, 3]
[0, 0, 0, 0]
[4, 4, 4, 4]
Awesome vvvvv
H_Conflict = 0, X_Conflict = 4
r0 = [4, 0], [3, 3], [2, 2], [1, 1], [0, 0]
r1 = [1, 2], [0, 1], [4, 1], [3, 0], [2, 3]
r2 = [3, 1], [2, 0], [1, 3], [0, 2], [4, 2]
r3 = [2, 1], [1, 0], [0, 3], [4, 3], [3, 2]
[2, 2, 2, 2]
[4, 4, 4, 4]
[3, 3, 3, 3]
[1, 1, 1, 1]
Awesome vvvvv
H_Conflict = 0, X_Conflict = 4
r0 = [4, 0], [3, 3], [2, 2], [1, 1], [0, 0]
r1 = [1, 2], [0, 1], [4, 1], [3, 0], [2, 3]
r2 = [3, 1], [2, 0], [1, 3], [0, 2], [4, 2]
r3 = [0, 3], [4, 3], [3, 2], [2, 1], [1, 0]
[2, 2, 2, 2]
[3, 3, 3, 3]
[4, 4, 4, 4]
[0, 0, 0, 0]
Awesome vvvvv
H_Conflict = 0, X_Conflict = 4
r0 = [4, 0], [3, 3], [2, 2], [1, 1], [0, 0]
r1 = [1, 2], [0, 1], [4, 1], [3, 0], [2, 3]
r2 = [0, 2], [4, 2], [3, 1], [2, 0], [1, 3]
r3 = [2, 1], [1, 0], [0, 3], [4, 3], [3, 2]
[4, 4, 4, 4]
[2, 2, 2, 2]
[0, 0, 0, 0]
[1, 1, 1, 1]
